"","1","2","17","18","25","26","27","28","30","47","48","69","70","71","72","87","87","88","88","106","123","123","124","125","127","148","149","169","170","183","186","187","188","189","190","194","205","206","211","222","227","230","233","234","236","245","246","247","267","268","269","270","271","273","282","289","4","5","6","9","31","32","33","34","38","39","52","53","55","76","92","93","94","94","95","95","113","113","114","115","115","129","130","131","133","134","135","135","155","156","171","172","173","174","175","195","196","197","198","199","213","217","218","223","225","237","238","250","251","252","253","256","257","258","274","275","276","280","285","294","297","299","154","56","177","255"
"1",0,-22.6507455014016,-36.2786071841087,-39.7681352521332,1.55278069830481,0.989666162959169,-5.64112547952052,-8.76887395398992,-34.9239700069929,-12.9777437284017,-31.6914353342348,-16.4473133086133,-27.6832346328574,-18.5567716755546,-23.4130234078875,-28.725991428452,-28.725991428452,-30.4585335496679,-30.4585335496679,-16.316257933345,-19.1385811989412,-19.1395811989414,-22.5674580289935,-19.4010712954551,-19.1405811989409,-17.8114765947341,-33.6653206367467,-27.0518213427371,-10.0602544230485,6.67614301150544,-18.5567716755546,-17.5070644533027,-28.725991428452,-28.725991428452,-32.2231982283625,-40.1001352521337,-1.12327845019718,-0.953604908396039,-25.9751957889247,-17.5080644533024,-12.9777437284017,-26.5466880248747,-30.39922019724,-19.2543505160689,-24.1021141888944,-3.71299088453961,-13.564381396512,-20.8482208623979,1.29711619305697,-13.4836877816575,-35.395183251968,-23.5154741360853,-30.4585335496679,-20.8428139431189,-13.2336877816575,-23.5154741360853,-58.2095110040978,-48.4734885782035,-52.2410005382503,-73.004550522619,-34.5067217683773,-40.3453784122064,-59.9156502234536,-55.0375154618766,-69.3694412520345,-76.7488196626314,-52.569199869521,-52.567199869521,-83.6997318862803,-70.1464023294158,-65.7249328902032,-73.0257976620678,-63.3709845339104,-63.3709845339104,-52.8394790901344,-52.8384790901343,-53.1222118254946,-53.123211825495,-44.1868610288966,-75.7374215988082,-75.7374215988082,-56.1668426110128,-53.1298766581369,-57.8569263908286,-68.9687981104173,-74.5929928812205,-75.7374215988082,-75.7374215988082,-55.6185949681823,-52.6548382000913,-40.6955761113211,-48.1453193097892,-51.6589376186981,-53.3624277205222,-56.3370507783034,-38.5266951994197,-65.3783744489758,-66.4866786229695,-66.963235102941,-40.9918772565814,-34.1781964297887,-44.3156200300524,-70.7214023294161,-40.5608772565818,-67.2755143235549,-50.7972667973093,-60.4655467117293,-49.836080421564,-48.9278153246688,-50.0899004943037,-39.7573784122065,-77.7781008440003,-74.2578502577358,-72.6173595457818,-61.2910463265213,-63.3709845339104,-51.9695083023004,-50.7942667973093,-45.3970220260497,-74.9278502577358,-50.7992667973093,-58.3533854161481,-84.2575695481207,-86.4998836104841,-88.7874328267022,-85.4112186042944
"2",22.6507455014016,0,-13.6278616827072,-17.1173897507316,24.2035261997064,23.6404116643607,17.009620021881,13.8818715474116,-12.2732245055913,9.67300177299987,-9.04068983283324,6.20343219278827,-5.03248913145583,4.093973825847,-0.762277906485935,-6.0752459270504,-6.0752459270504,-7.8077880482663,-7.8077880482663,6.33448756805655,3.5121643024604,3.51116430246017,0.0832874724080611,3.2496742059465,3.51016430246066,4.83926890666745,-11.0145751353452,-4.40107584133557,12.5904910783531,29.326888512907,4.093973825847,5.14368104809885,-6.0752459270504,-6.0752459270504,-9.57245272696095,-17.4493897507321,21.5274670512044,21.6971405930055,-3.32445028752314,5.14268104809913,9.67300177299987,-3.89594252347312,-7.74847469583848,3.39639498533263,-1.4513686874928,18.9377546168619,9.0863641048896,1.80252463900362,23.9478616944585,9.16705771974401,-12.7444377505664,-0.864728634683735,-7.8077880482663,1.80793155828268,9.41705771974401,-0.864728634683735,-35.5587655026963,-25.822743076802,-29.5902550368487,-50.3538050212174,-11.8559762669757,-17.6946329108048,-37.2649047220521,-32.3867699604751,-46.718695750633,-54.0980741612298,-29.9184543681194,-29.9164543681194,-61.0489863848787,-47.4956568280143,-43.0741873888017,-50.3750521606662,-40.7202390325089,-40.7202390325089,-30.1887335887328,-30.1877335887327,-30.4714663240931,-30.4724663240934,-21.536115527495,-53.0866760974067,-53.0866760974067,-33.5160971096112,-30.4791311567353,-35.206180889427,-46.3180526090157,-51.9422473798189,-53.0866760974067,-53.0866760974067,-32.9678494667807,-30.0040926986897,-18.0448306099195,-25.4945738083876,-29.0081921172965,-30.7116822191207,-33.6863052769019,-15.8759496980182,-42.7276289475743,-43.835933121568,-44.3124896015395,-18.3411317551799,-11.5274509283872,-21.6648745286509,-48.0706568280145,-17.9101317551802,-44.6247688221534,-28.1465212959077,-37.8148012103277,-27.1853349201625,-26.2770698232673,-27.4391549929021,-17.1066329108049,-55.1273553425988,-51.6071047563342,-49.9666140443802,-38.6403008251197,-40.7202390325089,-29.3187628008988,-28.1435212959077,-22.7462765246482,-52.2771047563343,-28.1485212959077,-35.7026399147466,-61.6068240467192,-63.8491381090825,-66.1366873253007,-62.7604731028929
"17",36.2786071841087,13.6278616827072,0,-3.48952806802442,37.8313878824135,37.2682733470679,30.6374817045882,27.5097332301188,1.35463717711589,23.300863455707,4.58717184987394,19.8312938754955,8.59537255125136,17.7218355085542,12.8655837762212,7.55261575565678,7.55261575565678,5.82007363444088,5.82007363444088,19.9623492507637,17.1400259851676,17.1390259851673,13.7111491551152,16.8775358886537,17.1380259851678,18.4671305893746,2.61328654736203,9.22678584137161,26.2183527610602,42.9547501956142,17.7218355085542,18.771542730806,7.55261575565678,7.55261575565678,4.05540895574624,-3.82152806802493,35.1553287339116,35.3250022757127,10.303411395184,18.7705427308063,23.300863455707,9.73191915923406,5.8793869868687,17.0242566680398,12.1764929952144,32.5656162995691,22.7142257875968,15.4303863217108,37.5757233771657,22.7949194024512,0.883423932140737,12.7631330480234,5.82007363444088,15.4357932409899,23.0449194024512,12.7631330480234,-21.9309038199891,-12.1948813940948,-15.9623933541416,-36.7259433385102,1.77188541573147,-4.06677122809761,-23.6370430393449,-18.7589082777679,-33.0908340679258,-40.4702124785226,-16.2905926854123,-16.2885926854123,-47.4211247021715,-33.8677951453071,-29.4463257060945,-36.7471904779591,-27.0923773498017,-27.0923773498017,-16.5608719060256,-16.5598719060255,-16.8436046413859,-16.8446046413862,-7.90825384478787,-39.4588144146995,-39.4588144146995,-19.8882354269041,-16.8512694740281,-21.5783192067198,-32.6901909263085,-38.3143856971117,-39.4588144146995,-39.4588144146995,-19.3399877840735,-16.3762310159825,-4.41696892721233,-11.8667121256804,-15.3803304345894,-17.0838205364135,-20.0584435941947,-2.248088015311,-29.0997672648671,-30.2080714388608,-30.6846279188323,-4.7132700724727,2.10041075432003,-8.0370128459437,-34.4427951453073,-4.28227007247305,-30.9969071394462,-14.5186596132006,-24.1869395276205,-13.5574732374553,-12.6492081405601,-13.8112933101949,-3.47877122809774,-41.4994936598916,-37.979243073627,-36.3387523616731,-25.0124391424125,-27.0923773498017,-15.6909011181917,-14.5156596132006,-9.11841484194099,-38.6492430736271,-14.5206596132006,-22.0747782320394,-47.978962364012,-50.2212764263753,-52.5088256425935,-49.1326114201857
"18",39.7681352521332,17.1173897507316,3.48952806802442,0,41.320915950438,40.7578014150923,34.1270097726126,30.9992612981432,4.84416524514031,26.7903915237315,8.07669991789836,23.3208219435199,12.0849006192758,21.2113635765786,16.3551118442457,11.0421438236812,11.0421438236812,9.3096017024653,9.3096017024653,23.4518773187881,20.629554053192,20.6285540531918,17.2006772231397,20.3670639566781,20.6275540531923,21.956658657399,6.10281461538644,12.716313909396,29.7078808290847,46.4442782636386,21.2113635765786,22.2610707988304,11.0421438236812,11.0421438236812,7.54493702377065,-0.332000000000509,38.644856801936,38.8145303437371,13.7929394632085,22.2600707988307,26.7903915237315,13.2214472272585,9.36891505489312,20.5137847360642,15.6660210632388,36.0551443675935,26.2037538556212,18.9199143897352,41.0652514451901,26.2844474704756,4.37295200016515,16.2526611160479,9.3096017024653,18.9253213090143,26.5344474704756,16.2526611160479,-18.4413757519647,-8.70535332607038,-12.4728652861171,-33.2364152704858,5.26141348375589,-0.577243160073194,-20.1475149713205,-15.2693802097435,-29.6013059999014,-36.9806844104982,-12.8010646173878,-12.7990646173878,-43.9315966341471,-30.3782670772827,-25.9567976380701,-33.2576624099346,-23.6028492817772,-23.6028492817772,-13.0713438380012,-13.0703438380011,-13.3540765733615,-13.3550765733618,-4.41872577676345,-35.9692863466751,-35.9692863466751,-16.3987073588797,-13.3617414060037,-18.0887911386954,-29.2006628582841,-34.8248576290873,-35.9692863466751,-35.9692863466751,-15.8504597160491,-12.8867029479581,-0.927440859187911,-8.37718405765601,-11.8908023665649,-13.5942924683891,-16.5689155261703,1.24144005271342,-25.6102391968427,-26.7185433708364,-27.1950998508079,-1.22374200444828,5.58993882234445,-4.54748477791929,-30.9532670772829,-0.792742004448635,-27.5073790714218,-11.0291315451761,-20.6974114595961,-10.0679451694309,-9.15968007253567,-10.3217652421705,0.0107568399266747,-38.0099655918672,-34.4897150056026,-32.8492242936486,-21.5229110743881,-23.6028492817772,-12.2013730501672,-11.0261315451761,-5.62888677391657,-35.1597150056027,-11.0311315451761,-18.585250164015,-44.4894342959876,-46.7317483583509,-49.0192975745691,-45.6430833521613
"25",-1.55278069830481,-24.2035261997064,-37.8313878824135,-41.320915950438,0,-0.563114535345638,-7.19390617782532,-10.3216546522947,-36.4767507052977,-14.5305244267065,-33.2442160325396,-18.0000940069181,-29.2360153311622,-20.1095523738594,-24.9658041061923,-30.2787721267568,-30.2787721267568,-32.0113142479727,-32.0113142479727,-17.8690386316498,-20.691361897246,-20.6923618972462,-24.1202387272983,-20.9538519937599,-20.6933618972457,-19.3642572930389,-35.2181013350515,-28.6046020410419,-11.6130351213533,5.12336231320063,-20.1095523738594,-19.0598451516075,-30.2787721267568,-30.2787721267568,-33.7759789266673,-41.6529159504385,-2.67605914850198,-2.50638560670085,-27.5279764872295,-19.0608451516072,-14.5305244267065,-28.0994687231795,-31.9520008955448,-20.8071312143737,-25.6548948871992,-5.26577158284442,-15.1171620948168,-22.4010015607027,-0.255664505247842,-15.0364684799624,-36.9479639502728,-25.0682548343901,-32.0113142479727,-22.3955946414237,-14.7864684799624,-25.0682548343901,-59.7622917024027,-50.0262692765083,-53.7937812365551,-74.5573312209238,-36.0595024666821,-41.8981591105112,-61.4684309217585,-56.5902961601814,-70.9222219503393,-78.3016003609362,-54.1219805678258,-54.1199805678258,-85.2525125845851,-71.6991830277206,-67.277713588508,-74.5785783603726,-64.9237652322152,-64.9237652322152,-54.3922597884392,-54.3912597884391,-54.6749925237994,-54.6759925237998,-45.7396417272014,-77.290202297113,-77.290202297113,-57.7196233093176,-54.6826573564417,-59.4097070891334,-70.5215788087221,-76.1457735795253,-77.290202297113,-77.290202297113,-57.1713756664871,-54.2076188983961,-42.2483568096259,-49.698100008094,-53.2117183170029,-54.915208418827,-57.8898314766082,-40.0794758977245,-66.9311551472806,-68.0394593212744,-68.5160158012458,-42.5446579548862,-35.7309771280935,-45.8684007283573,-72.2741830277209,-42.1136579548866,-68.8282950218597,-52.3500474956141,-62.0183274100341,-51.3888611198688,-50.4805960229736,-51.6426811926085,-41.3101591105113,-79.3308815423051,-75.8106309560406,-74.1701402440866,-62.8438270248261,-64.9237652322152,-53.5222890006052,-52.3470474956141,-46.9498027243545,-76.4806309560406,-52.3520474956141,-59.9061661144529,-85.8103502464255,-88.0526643087889,-90.3402135250071,-86.9639993025992
"26",-0.989666162959169,-23.6404116643607,-37.2682733470679,-40.7578014150923,0.563114535345638,0,-6.63079164247969,-9.75854011694909,-35.913636169952,-13.9674098913609,-32.681101497194,-17.4369794715725,-28.6729007958166,-19.5464378385137,-24.4026895708467,-29.7156575914111,-29.7156575914111,-31.448199712627,-31.448199712627,-17.3059240963042,-20.1282473619003,-20.1292473619006,-23.5571241919527,-20.3907374584142,-20.1302473619001,-18.8011427576933,-34.6549867997059,-28.0414875056963,-11.0499205860077,5.68647684854627,-19.5464378385137,-18.4967306162619,-29.7156575914111,-29.7156575914111,-33.2128643913217,-41.0898014150928,-2.11294461315635,-1.94327107135521,-26.9648619518839,-18.4977306162616,-13.9674098913609,-27.5363541878339,-31.3888863601992,-20.2440166790281,-25.0917803518535,-4.70265704749878,-14.5540475594711,-21.8378870253571,0.307450030097796,-14.4733539446167,-36.3848494149272,-24.5051402990445,-31.448199712627,-21.832480106078,-14.2233539446167,-24.5051402990445,-59.199177167057,-49.4631547411627,-53.2306667012095,-73.9942166855781,-35.4963879313364,-41.3350445751655,-60.9053163864128,-56.0271816248358,-70.3591074149937,-77.7384858255905,-53.5588660324802,-53.5568660324802,-84.6893980492394,-71.136068492375,-66.7145990531624,-74.015463825027,-64.3606506968696,-64.3606506968696,-53.8291452530936,-53.8281452530934,-54.1118779884538,-54.1128779884541,-45.1765271918558,-76.7270877617674,-76.7270877617674,-57.156508773972,-54.119542821096,-58.8465925537878,-69.9584642733764,-75.5826590441796,-76.7270877617674,-76.7270877617674,-56.6082611311415,-53.6445043630504,-41.6852422742802,-49.1349854727483,-52.6486037816573,-54.3520938834814,-57.3267169412626,-39.5163613623789,-66.368040611935,-67.4763447859287,-67.9529012659002,-41.9815434195406,-35.1678625927479,-45.3052861930116,-71.7110684923752,-41.550543419541,-68.2651804865141,-51.7869329602685,-61.4552128746885,-50.8257465845232,-49.917481487628,-51.0795666572628,-40.7470445751657,-78.7677670069595,-75.247516420695,-73.607025708741,-62.2807124894804,-64.3606506968696,-52.9591744652596,-51.7839329602685,-46.3866881890089,-75.917516420695,-51.7889329602685,-59.3430515791073,-85.2472357110799,-87.4895497734432,-89.7770989896614,-86.4008847672536
"27",5.64112547952052,-17.009620021881,-30.6374817045882,-34.1270097726126,7.19390617782532,6.63079164247969,0,-3.12774847446941,-29.2828445274723,-7.33661824888118,-26.0503098547143,-10.8061878290928,-22.0421091533369,-12.915646196034,-17.771897928367,-23.0848659489314,-23.0848659489314,-24.8174080701473,-24.8174080701473,-10.6751324538245,-13.4974557194206,-13.4984557194209,-16.926332549473,-13.7599458159345,-13.4994557194204,-12.1703511152136,-28.0241951572262,-21.4106958632166,-4.41912894352798,12.317268491026,-12.915646196034,-11.8659389737822,-23.0848659489314,-23.0848659489314,-26.582072748842,-34.4590097726132,4.51784702932334,4.68752057112448,-20.3340703094042,-11.8669389737819,-7.33661824888118,-20.9055625453542,-24.7580947177195,-13.6132250365484,-18.4609887093738,1.9281345949809,-7.92325591699145,-15.2070953828774,6.93824167257748,-7.84256230213703,-29.7540577724475,-17.8743486565648,-24.8174080701473,-15.2016884635984,-7.59256230213703,-17.8743486565648,-52.5683855245773,-42.832363098683,-46.5998750587298,-67.3634250430984,-28.8655962888568,-34.7042529326858,-54.2745247439331,-49.3963899823561,-63.728315772514,-71.1076941831108,-46.9280743900005,-46.9260743900005,-78.0586064067598,-64.5052768498953,-60.0838074106827,-67.3846721825473,-57.7298590543899,-57.7298590543899,-47.1983536106139,-47.1973536106138,-47.4810863459741,-47.4820863459744,-38.5457355493761,-70.0962961192877,-70.0962961192877,-50.5257171314923,-47.4887511786164,-52.2158009113081,-63.3276726308968,-68.9518674016999,-70.0962961192877,-70.0962961192877,-49.9774694886618,-47.0137127205707,-35.0544506318005,-42.5041938302686,-46.0178121391776,-47.7213022410017,-50.6959252987829,-32.8855697198992,-59.7372489694553,-60.845553143449,-61.3221096234205,-35.3507517770609,-28.5370709502682,-38.6744945505319,-65.0802768498955,-34.9197517770613,-61.6343888440344,-45.1561413177888,-54.8244212322088,-44.1949549420435,-43.2866898451483,-44.4487750147831,-34.116252932686,-72.1369753644798,-68.6167247782153,-66.9762340662613,-55.6499208470007,-57.7298590543899,-46.3283828227799,-45.1531413177888,-39.7558965465292,-69.2867247782153,-45.1581413177888,-52.7122599366276,-78.6164440686002,-80.8587581309636,-83.1463073471817,-79.7700931247739
"28",8.76887395398992,-13.8818715474116,-27.5097332301188,-30.9992612981432,10.3216546522947,9.75854011694909,3.12774847446941,0,-26.1550960530029,-4.20886977441177,-22.9225613802449,-7.67843935462336,-18.9143606788675,-9.78789772156463,-14.6441494538976,-19.957117474462,-19.957117474462,-21.6896595956779,-21.6896595956779,-7.54738397935509,-10.3697072449512,-10.3707072449515,-13.7985840750036,-10.6321973414651,-10.371707244951,-9.04260264074418,-24.8964466827568,-18.2829473887472,-1.29138046905857,15.4450169654954,-9.78789772156463,-8.73819049931278,-19.957117474462,-19.957117474462,-23.4543242743726,-31.3312612981437,7.64559550379275,7.81526904559389,-17.2063218349348,-8.73919049931251,-4.20886977441177,-17.7778140708848,-21.6303462432501,-10.485476562079,-15.3332402349044,5.05588306945031,-4.79550744252204,-12.079346908408,10.0659901470469,-4.71481382766762,-26.6263092979781,-14.7466001820954,-21.6896595956779,-12.073939989129,-4.46481382766762,-14.7466001820954,-49.4406370501079,-39.7046146242136,-43.4721265842604,-64.235676568629,-25.7378478143873,-31.5765044582164,-51.1467762694637,-46.2686415078867,-60.6005672980446,-67.9799457086414,-43.8003259155311,-43.7983259155311,-74.9308579322904,-61.3775283754259,-56.9560589362133,-64.2569237080779,-54.6021105799205,-54.6021105799205,-44.0706051361445,-44.0696051361444,-44.3533378715047,-44.354337871505,-35.4179870749067,-66.9685476448183,-66.9685476448183,-47.3979686570229,-44.3610027041469,-49.0880524368387,-60.1999241564274,-65.8241189272305,-66.9685476448183,-66.9685476448183,-46.8497210141924,-43.8859642461013,-31.9267021573311,-39.3764453557992,-42.8900636647082,-44.5935537665323,-47.5681768243135,-29.7578212454298,-56.6095004949859,-57.7178046689796,-58.1943611489511,-32.2230033025915,-25.4093224757988,-35.5467460760625,-61.9525283754261,-31.7920033025919,-58.506640369565,-42.0283928433194,-51.6966727577394,-41.0672064675741,-40.1589413706789,-41.3210265403137,-30.9885044582166,-69.0092268900104,-65.4889763037459,-63.8484855917919,-52.5221723725313,-54.6021105799205,-43.2006343483105,-42.0253928433194,-36.6281480720598,-66.1589763037459,-42.0303928433194,-49.5845114621582,-75.4886955941308,-77.7310096564942,-80.0185588727123,-76.6423446503045
"30",34.9239700069929,12.2732245055913,-1.35463717711589,-4.84416524514031,36.4767507052977,35.913636169952,29.2828445274723,26.1550960530029,0,21.9462262785912,3.23253467275805,18.4766566983796,7.24073537413547,16.3671983314383,11.5109465991054,6.19797857854089,6.19797857854089,4.46543645732499,4.46543645732499,18.6077120736478,15.7853888080517,15.7843888080515,12.3565119779994,15.5228987115378,15.783388808052,17.1124934122587,1.25864937024614,7.87214866425572,24.8637155839444,41.6001130184983,16.3671983314383,17.4169055536901,6.19797857854089,6.19797857854089,2.70077177863035,-5.17616524514082,33.8006915567957,33.9703650985968,8.94877421806815,17.4159055536904,21.9462262785912,8.37728198211817,4.52474980975281,15.6696194909239,10.8218558180985,31.2109791224532,21.3595886104809,14.0757491445949,36.2210862000498,21.4402822253353,-0.471213244975152,11.4084958709076,4.46543645732499,14.081156063874,21.6902822253353,11.4084958709076,-23.285540997105,-13.5495185712107,-17.3170305312574,-38.0805805156261,0.417248238615583,-5.4214084052135,-24.9916802164608,-20.1135454548838,-34.4454712450417,-41.8248496556385,-17.6452298625282,-17.6432298625281,-48.7757618792874,-35.222432322423,-30.8009628832104,-38.1018276550749,-28.4470145269176,-28.4470145269176,-17.9155090831415,-17.9145090831414,-18.1982418185018,-18.1992418185021,-9.26289102190376,-40.8134515918154,-40.8134515918154,-21.24287260402,-18.205906651144,-22.9329563838357,-34.0448281034244,-39.6690228742276,-40.8134515918154,-40.8134515918154,-20.6946249611894,-17.7308681930984,-5.77160610432822,-13.2213493027963,-16.7349676117053,-18.4384577135294,-21.4130807713106,-3.60272519242689,-30.454404441983,-31.5627086159767,-32.0392650959482,-6.06790724958858,0.745773577204142,-9.39165002305959,-35.7974323224232,-5.63690724958894,-32.3515443165621,-15.8732967903165,-25.5415767047364,-14.9121104145712,-14.003845317676,-15.1659304873108,-4.83340840521363,-42.8541308370075,-39.3338802507429,-37.6933895387889,-26.3670763195284,-28.4470145269176,-17.0455382953076,-15.8702967903165,-10.4730520190569,-40.003880250743,-15.8752967903165,-23.4294154091553,-49.3335995411279,-51.5759136034912,-53.8634628197094,-50.4872485973016
"47",12.9777437284017,-9.67300177299987,-23.300863455707,-26.7903915237315,14.5305244267065,13.9674098913609,7.33661824888118,4.20886977441177,-21.9462262785912,0,-18.7136916058331,-3.4695695802116,-14.7054909044557,-5.57902794715286,-10.4352796794858,-15.7482477000503,-15.7482477000503,-17.4807898212662,-17.4807898212662,-3.33851420494332,-6.16083747053947,-6.1618374705397,-9.5897143005918,-6.42332756705336,-6.16283747053921,-4.83373286633242,-20.687576908345,-14.0740776143354,2.9174893053532,19.6538867399071,-5.57902794715286,-4.52932072490102,-15.7482477000503,-15.7482477000503,-19.2454544999608,-27.122391523732,11.8544652782045,12.0241388200057,-12.997452060523,-4.53032072490074,0,-13.568944296473,-17.4214764688383,-6.27660678766723,-11.1243704604927,9.26475284386208,-0.58663766811027,-7.87047713399625,14.2748599214587,-0.505944053255851,-22.4174395235663,-10.5377304076836,-17.4807898212662,-7.86507021471718,-0.255944053255851,-10.5377304076836,-45.2317672756962,-35.4957448498018,-39.2632568098486,-60.0268067942173,-21.5289780399756,-27.3676346838047,-46.937906495052,-42.0597717334749,-56.3916975236328,-63.7710759342297,-39.5914561411193,-39.5894561411193,-70.7219881578786,-57.1686586010141,-52.7471891618015,-60.0480539336661,-50.3932408055087,-50.3932408055087,-39.8617353617327,-39.8607353617326,-40.1444680970929,-40.1454680970933,-31.2091173004949,-62.7596778704065,-62.7596778704065,-43.1890988826111,-40.1521329297352,-44.8791826624269,-55.9910543820156,-61.6152491528188,-62.7596778704065,-62.7596778704065,-42.6408512397806,-39.6770944716896,-27.7178323829194,-35.1675755813875,-38.6811938902964,-40.3846839921205,-43.3593070499017,-25.548951471018,-52.4006307205741,-53.5089348945679,-53.9854913745393,-28.0141335281797,-21.200452701387,-31.3378763016508,-57.7436586010144,-27.5831335281801,-54.2977705951532,-37.8195230689076,-47.4878029833276,-36.8583366931623,-35.9500715962671,-37.112156765902,-26.7796346838048,-64.8003571155986,-61.2801065293341,-59.6396158173801,-48.3133025981196,-50.3932408055087,-38.9917645738987,-37.8165230689076,-32.419278297648,-61.9501065293341,-37.8215230689076,-45.3756416877464,-71.279825819719,-73.5221398820824,-75.8096890983006,-72.4334748758927
"48",31.6914353342348,9.04068983283324,-4.58717184987394,-8.07669991789836,33.2442160325396,32.681101497194,26.0503098547143,22.9225613802449,-3.23253467275805,18.7136916058331,0,15.2441220256215,4.00820070137741,13.1346636586802,8.2784119263473,2.96544390578284,2.96544390578284,1.23290178456694,1.23290178456694,15.3751774008898,12.5528541352936,12.5518541352934,9.1239773052413,12.2903640387797,12.5508541352939,13.8799587395007,-1.97388530251192,4.63961399149767,21.6311809111863,38.3675783457402,13.1346636586802,14.1843708809321,2.96544390578284,2.96544390578284,-0.531762894127707,-8.40869991789887,30.5681568840376,30.7378304258388,5.7162395453101,14.1833708809324,18.7136916058331,5.14474730936012,1.29221513699476,12.4370848181659,7.58932114534044,27.9784444496952,18.1270539377228,10.8432144718369,32.9885515272918,18.2077475525773,-3.70374791773321,8.1759611981495,1.23290178456694,10.8486213911159,18.4577475525773,8.1759611981495,-26.5180756698631,-16.7820532439687,-20.5495652040155,-41.3131151883842,-2.81528643414247,-8.65394307797155,-28.2242148892188,-23.3460801276418,-37.6780059177997,-45.0573843283966,-20.8777645352862,-20.8757645352862,-52.0082965520455,-38.454966995181,-34.0334975559684,-41.334362327833,-31.6795491996756,-31.6795491996756,-21.1480437558996,-21.1470437558995,-21.4307764912598,-21.4317764912602,-12.4954256946618,-44.0459862645734,-44.0459862645734,-24.475407276778,-21.4384413239021,-26.1654910565938,-37.2773627761825,-42.9015575469857,-44.0459862645734,-44.0459862645734,-23.9271596339475,-20.9634028658565,-9.00414077708627,-16.4538839755544,-19.9675022844633,-21.6709923862874,-24.6456154440686,-6.83525986518494,-33.686939114741,-34.7952432887347,-35.2717997687062,-9.30044192234664,-2.48676109555391,-12.6241846958176,-39.0299669951813,-8.869441922347,-35.5840789893201,-19.1058314630745,-28.7741113774945,-18.1446450873292,-17.236379990434,-18.3984651600689,-8.06594307797168,-46.0866655097655,-42.566414923501,-40.925924211547,-29.5996109922865,-31.6795491996756,-20.2780729680656,-19.1028314630745,-13.7055866918149,-43.236414923501,-19.1078314630745,-26.6619500819133,-52.5661342138859,-54.8084482762493,-57.0959974924675,-53.7197832700596
"69",16.4473133086133,-6.20343219278827,-19.8312938754955,-23.3208219435199,18.0000940069181,17.4369794715725,10.8061878290928,7.67843935462336,-18.4766566983796,3.4695695802116,-15.2441220256215,0,-11.2359213242441,-2.10945836694127,-6.96571009927421,-12.2786781198387,-12.2786781198387,-14.0112202410546,-14.0112202410546,0.131055375268275,-2.69126789032787,-2.6922678903281,-6.12014472038021,-2.95375798684177,-2.69326789032761,-1.36416328612082,-17.2180073281334,-10.6045080341238,6.38705888556479,23.1234563201187,-2.10945836694127,-1.05975114468942,-12.2786781198387,-12.2786781198387,-15.7758849197492,-23.6528219435204,15.3240348584161,15.4937084002172,-9.52788248031141,-1.06075114468914,3.4695695802116,-10.0993747162614,-13.9519068886267,-2.80703720745564,-7.65480088028107,12.7343224240737,2.88293191210132,-4.40090755378465,17.7444295016703,2.96362552695574,-18.9478699433547,-7.06816082747201,-14.0112202410546,-4.39550063450559,3.21362552695574,-7.06816082747201,-41.7621976954846,-32.0261752695902,-35.793687229637,-56.5572372140057,-18.059408459764,-23.8980651035931,-43.4683369148404,-38.5902021532633,-52.9221279434212,-60.3015063540181,-36.1218865609077,-36.1198865609077,-67.252418577667,-53.6990890208025,-49.2776195815899,-56.5784843534545,-46.9236712252971,-46.9236712252971,-36.3921657815211,-36.391165781521,-36.6748985168813,-36.6758985168817,-27.7395477202833,-59.290108290195,-59.290108290195,-39.7195293023995,-36.6825633495236,-41.4096130822153,-52.521484801804,-58.1456795726072,-59.290108290195,-59.290108290195,-39.171281659569,-36.207524891478,-24.2482628027078,-31.6980060011759,-35.2116243100848,-36.915114411909,-39.8897374696901,-22.0793818908064,-48.9310611403625,-50.0393653143563,-50.5159217943277,-24.5445639479682,-17.7308831211754,-27.8683067214392,-54.2740890208028,-24.1135639479685,-50.8282010149416,-34.349953488696,-44.018233403116,-33.3887671129508,-32.4805020160555,-33.6425871856904,-23.3100651035932,-61.330787535387,-57.8105369491225,-56.1700462371685,-44.843733017908,-46.9236712252971,-35.5221949936871,-34.346953488696,-28.9497087174364,-58.4805369491225,-34.351953488696,-41.9060721075348,-67.8102562395074,-70.0525703018708,-72.340119518089,-68.9639052956811
"70",27.6832346328574,5.03248913145583,-8.59537255125136,-12.0849006192758,29.2360153311622,28.6729007958166,22.0421091533369,18.9143606788675,-7.24073537413547,14.7054909044557,-4.00820070137741,11.2359213242441,0,9.12646295730283,4.27021122496989,-1.04275679559458,-1.04275679559458,-2.77529891681048,-2.77529891681048,11.3669766995124,8.54465343391622,8.54365343391599,5.11577660386389,8.28216333740233,8.54265343391649,9.87175803812328,-5.98208600388933,0.631413290120254,17.6229802098089,34.3593776443628,9.12646295730283,10.1761701795547,-1.04275679559458,-1.04275679559458,-4.53996359550512,-12.4169006192763,26.5599561826602,26.7296297244613,1.70803884393269,10.175170179555,14.7054909044557,1.1365466079827,-2.71598556438265,8.42888411678846,3.58112044396302,23.9702437483178,14.1188532363454,6.83501377045945,28.9803508259143,14.1995468511998,-7.71194861911062,4.16776049677209,-2.77529891681048,6.84042068973851,14.4495468511998,4.16776049677209,-30.5262763712405,-20.7902539453462,-24.5577659053929,-45.3213158897616,-6.82348713551989,-12.662143779349,-32.2324155905963,-27.3542808290192,-41.6862066191772,-49.065585029774,-24.8859652366636,-24.8839652366636,-56.0164972534229,-42.4631676965584,-38.0416982573458,-45.3425630292104,-35.687749901053,-35.687749901053,-25.156244457277,-25.1552444572769,-25.4389771926372,-25.4399771926376,-16.5036263960392,-48.0541869659509,-48.0541869659509,-28.4836079781554,-25.4466420252795,-30.1736917579712,-41.2855634775599,-46.9097582483631,-48.0541869659509,-48.0541869659509,-27.9353603353249,-24.9716035672339,-13.0123414784637,-20.4620846769318,-23.9757029858407,-25.6791930876649,-28.6538161454461,-10.8434605665624,-37.6951398161184,-38.8034439901122,-39.2800004700836,-13.3086426237241,-6.49496179693133,-16.6323853971951,-43.0381676965587,-12.8776426237244,-39.5922796906976,-23.1140321644519,-32.7823120788719,-22.1528457887067,-21.2445806918114,-22.4066658614463,-12.0741437793491,-50.094866211143,-46.5746156248784,-44.9341249129244,-33.6078116936639,-35.687749901053,-24.286273669443,-23.1110321644519,-17.7137873931923,-47.2446156248784,-23.1160321644519,-30.6701507832907,-56.5743349152633,-58.8166489776267,-61.1041981938449,-57.727983971437
"71",18.5567716755546,-4.093973825847,-17.7218355085542,-21.2113635765786,20.1095523738594,19.5464378385137,12.915646196034,9.78789772156463,-16.3671983314383,5.57902794715286,-13.1346636586802,2.10945836694127,-9.12646295730283,0,-4.85625173233294,-10.1692197528974,-10.1692197528974,-11.9017618741133,-11.9017618741133,2.24051374220954,-0.581809523386604,-0.582809523386837,-4.01068635343894,-0.844299619900499,-0.583809523386342,0.745295080820448,-15.1085489611922,-8.49504966718258,8.49651725250606,25.23291468706,0,1.04970722225185,-10.1692197528974,-10.1692197528974,-13.6664265528079,-21.5433635765791,17.4334932253574,17.6031667671585,-7.41842411337014,1.04870722225212,5.57902794715286,-7.98991634932013,-11.8424485216855,-0.697578840514368,-5.54534251333981,14.8437807910149,4.99239027904259,-2.29144918684338,19.8538878686115,5.07308389389701,-16.8384115764134,-4.95870246053074,-11.9017618741133,-2.28604226756432,5.32308389389701,-4.95870246053074,-39.6527393285433,-29.916716902649,-33.6842288626957,-54.4477788470644,-15.9499500928227,-21.7886067366518,-41.3588785478991,-36.4807437863221,-50.81266957648,-58.1920479870768,-34.0124281939664,-34.0104281939664,-65.1429602107257,-51.5896306538613,-47.1681612146487,-54.4690259865132,-44.8142128583559,-44.8142128583559,-34.2827074145798,-34.2817074145797,-34.5654401499401,-34.5664401499404,-25.6300893533421,-57.1806499232537,-57.1806499232537,-37.6100709354583,-34.5731049825823,-39.300154715274,-50.4120264348627,-56.0362212056659,-57.1806499232537,-57.1806499232537,-37.0618232926277,-34.0980665245367,-22.1388044357665,-29.5885476342346,-33.1021659431435,-34.8056560449677,-37.7802791027489,-19.9699235238652,-46.8216027734213,-47.929906947415,-48.4064634273865,-22.4351055810269,-15.6214247542342,-25.7588483544979,-52.1646306538615,-22.0041055810272,-48.7187426480004,-32.2404951217547,-41.9087750361747,-31.2793087460095,-30.3710436491143,-31.5331288187491,-21.2006067366519,-59.2213291684458,-55.7010785821812,-54.0605878702272,-42.7342746509667,-44.8142128583559,-33.4127366267458,-32.2374951217547,-26.8402503504952,-56.3710785821813,-32.2424951217548,-39.7966137405936,-65.7007978725662,-67.9431119349295,-70.2306611511477,-66.8544469287399
"72",23.4130234078875,0.762277906485935,-12.8655837762212,-16.3551118442457,24.9658041061923,24.4026895708467,17.771897928367,14.6441494538976,-11.5109465991054,10.4352796794858,-8.2784119263473,6.96571009927421,-4.27021122496989,4.85625173233294,0,-5.31296802056447,-5.31296802056447,-7.04551014178037,-7.04551014178037,7.09676547454248,4.27444220894633,4.2734422089461,0.845565378893996,4.01195211243244,4.27244220894659,5.60154681315339,-10.2522972288592,-3.63879793484964,13.352768984839,30.0891664193929,4.85625173233294,5.90595895458478,-5.31296802056447,-5.31296802056447,-8.81017482047501,-16.6871118442462,22.2897449576903,22.4594184994915,-2.56217238103721,5.90495895458506,10.4352796794858,-3.13366461698719,-6.98619678935254,4.15867289181857,-0.689090781006867,19.7000325233479,9.84864201137553,2.56480254548955,24.7101396009445,9.92933562622995,-11.9821598440805,-0.1024507281978,-7.04551014178037,2.57020946476862,10.1793356262299,-0.1024507281978,-34.7964875962104,-25.060465170316,-28.8279771303628,-49.5915271147315,-11.0936983604898,-16.9323550043189,-36.5026268155662,-31.6244920539891,-45.956417844147,-53.3357962547439,-29.1561764616335,-29.1541764616335,-60.2867084783928,-46.7333789215283,-42.3119094823157,-49.6127742541803,-39.9579611260229,-39.9579611260229,-29.4264556822469,-29.4254556822468,-29.7091884176071,-29.7101884176075,-20.7738376210091,-52.3243981909207,-52.3243981909207,-32.7538192031253,-29.7168532502494,-34.4439029829411,-45.5557747025298,-51.179969473333,-52.3243981909207,-52.3243981909207,-32.2055715602948,-29.2418147922038,-17.2825527034336,-24.7322959019017,-28.2459142108106,-29.9494043126347,-32.9240273704159,-15.1136717915322,-41.9653510410883,-43.073655215082,-43.5502116950535,-17.5788538486939,-10.7651730219012,-20.9025966221649,-47.3083789215286,-17.1478538486943,-43.8624909156674,-27.3842433894218,-37.0525233038418,-26.4230570136765,-25.5147919167813,-26.6768770864162,-16.344355004319,-54.3650774361128,-50.8448268498483,-49.2043361378943,-37.8780229186338,-39.9579611260229,-28.5564848944129,-27.3812433894218,-21.9839986181622,-51.5148268498483,-27.3862433894218,-34.9403620082606,-60.8445461402332,-63.0868602025966,-65.3744094188148,-61.9981951964069
"87",28.725991428452,6.0752459270504,-7.55261575565678,-11.0421438236812,30.2787721267568,29.7156575914111,23.0848659489314,19.957117474462,-6.19797857854089,15.7482477000503,-2.96544390578284,12.2786781198387,1.04275679559458,10.1692197528974,5.31296802056447,0,0,-1.7325421212159,-1.7325421212159,12.409733495107,9.5874102295108,9.58641022951057,6.15853339945847,9.32492013299691,9.58541022951106,10.9145148337179,-4.93932920829475,1.67417008571483,18.6657370054035,35.4021344399574,10.1692197528974,11.2189269751493,0,0,-3.49720679991054,-11.3741438236817,27.6027129782548,27.7723865200559,2.75079563952726,11.2179269751495,15.7482477000503,2.17930340357728,-1.67322876878807,9.47164091238304,4.6238772395576,25.0130005439123,15.16161003194,7.87777056605402,30.0231076215089,15.2423036467944,-6.66919182351604,5.21051729236667,-1.7325421212159,7.88317748533309,15.4923036467944,5.21051729236667,-29.4835195756459,-19.7474971497516,-23.5150091097983,-44.278559094167,-5.78073033992531,-11.6193869837544,-31.1896587950017,-26.3115240334247,-40.6434498235826,-48.0228282341794,-23.843208441069,-23.841208441069,-54.9737404578283,-41.4204109009639,-36.9989414617513,-44.2998062336158,-34.6449931054584,-34.6449931054584,-24.1134876616824,-24.1124876616823,-24.3962203970427,-24.397220397043,-15.4608696004446,-47.0114301703563,-47.0114301703563,-27.4408511825608,-24.4038852296849,-29.1309349623766,-40.2428066819653,-45.8670014527685,-47.0114301703563,-47.0114301703563,-26.8926035397303,-23.9288467716393,-11.9695846828691,-19.4193278813372,-22.9329461902461,-24.6364362920703,-27.6110593498515,-9.80070377096778,-36.6523830205239,-37.7606871945176,-38.2372436744891,-12.2658858281295,-5.45220500133675,-15.5896286016005,-41.9954109009641,-11.8348858281298,-38.549522895103,-22.0712753688573,-31.7395552832773,-21.1100889931121,-20.2018238962169,-21.3639090658517,-11.0313869837545,-49.0521094155484,-45.5318588292838,-43.8913681173298,-32.5650548980693,-34.6449931054584,-23.2435168738484,-22.0682753688573,-16.6710305975978,-46.2018588292839,-22.0732753688573,-29.6273939876962,-55.5315781196688,-57.7738921820321,-60.0614413982503,-56.6852271758425
"87",28.725991428452,6.0752459270504,-7.55261575565678,-11.0421438236812,30.2787721267568,29.7156575914111,23.0848659489314,19.957117474462,-6.19797857854089,15.7482477000503,-2.96544390578284,12.2786781198387,1.04275679559458,10.1692197528974,5.31296802056447,0,0,-1.7325421212159,-1.7325421212159,12.409733495107,9.5874102295108,9.58641022951057,6.15853339945847,9.32492013299691,9.58541022951106,10.9145148337179,-4.93932920829475,1.67417008571483,18.6657370054035,35.4021344399574,10.1692197528974,11.2189269751493,0,0,-3.49720679991054,-11.3741438236817,27.6027129782548,27.7723865200559,2.75079563952726,11.2179269751495,15.7482477000503,2.17930340357728,-1.67322876878807,9.47164091238304,4.6238772395576,25.0130005439123,15.16161003194,7.87777056605402,30.0231076215089,15.2423036467944,-6.66919182351604,5.21051729236667,-1.7325421212159,7.88317748533309,15.4923036467944,5.21051729236667,-29.4835195756459,-19.7474971497516,-23.5150091097983,-44.278559094167,-5.78073033992531,-11.6193869837544,-31.1896587950017,-26.3115240334247,-40.6434498235826,-48.0228282341794,-23.843208441069,-23.841208441069,-54.9737404578283,-41.4204109009639,-36.9989414617513,-44.2998062336158,-34.6449931054584,-34.6449931054584,-24.1134876616824,-24.1124876616823,-24.3962203970427,-24.397220397043,-15.4608696004446,-47.0114301703563,-47.0114301703563,-27.4408511825608,-24.4038852296849,-29.1309349623766,-40.2428066819653,-45.8670014527685,-47.0114301703563,-47.0114301703563,-26.8926035397303,-23.9288467716393,-11.9695846828691,-19.4193278813372,-22.9329461902461,-24.6364362920703,-27.6110593498515,-9.80070377096778,-36.6523830205239,-37.7606871945176,-38.2372436744891,-12.2658858281295,-5.45220500133675,-15.5896286016005,-41.9954109009641,-11.8348858281298,-38.549522895103,-22.0712753688573,-31.7395552832773,-21.1100889931121,-20.2018238962169,-21.3639090658517,-11.0313869837545,-49.0521094155484,-45.5318588292838,-43.8913681173298,-32.5650548980693,-34.6449931054584,-23.2435168738484,-22.0682753688573,-16.6710305975978,-46.2018588292839,-22.0732753688573,-29.6273939876962,-55.5315781196688,-57.7738921820321,-60.0614413982503,-56.6852271758425
